ONEWEB-0012             
1 44057U 19010A   20364.00001157 -.00037857  00000-0 -92070-1 0  9991
2 44057  87.9175 295.4699 0001821  76.4009 109.1514 13.21832050  1761
ONEWEB-0010             
1 44058U 19010B   20364.00001157 -.00037798  00000-0 -91933-1 0  9993
2 44058  87.9177 295.4751 0001602  73.6966 104.1243 13.21827370  1708
ONEWEB-0008             
1 44059U 19010C   20364.00001157 -.00037922  00000-0 -92229-1 0  9992
2 44059  87.9182 295.4817 0001767  76.0821 117.0844 13.21832335  1715
ONEWEB-0007             
1 44060U 19010D   20364.00001157 -.00037735  00000-0 -91774-1 0  9990
2 44060  87.9174 295.4714 0001830  83.7104  86.7729 13.21831257  1709
ONEWEB-0006             
1 44061U 19010E   20364.00001157 -.00037676  00000-0 -91626-1 0  9991
2 44061  87.9179 295.4812 0001738  76.6919  86.3944 13.21832882  1706
ONEWEB-0011             
1 44062U 19010F   20364.00001157 -.00037613  00000-0 -91472-1 0  9992
2 44062  87.9183 295.4899 0002080  77.5287  78.3181 13.21833229  1717
ONEWEB-0013             
1 45131U 20008A   20364.00001157 -.00002626  00000-0 -76750-2 0  9998
2 45131  87.9149  88.4317 0001475  89.1983  70.0953 13.09335619  1735
ONEWEB-0017             
1 45132U 20008B   20364.25001157 -.00022751  00000-0 -65349-1 0  9998
2 45132  87.8845  73.1059 0002251 105.1622 283.5678 13.10394965 47336
ONEWEB-0020             
1 45133U 20008C   20364.25001157 -.00022537  00000-0 -64745-1 0  9990
2 45133  87.8824  73.0927 0001405  88.5984  87.0260 13.10382551 47727
ONEWEB-0021             
1 45134U 20008D   20364.25001157 -.00023158  00000-0 -66530-1 0  9995
2 45134  87.8737  73.1839 0001403  94.1320   8.0612 13.10385896 48123
ONEWEB-0022             
1 45135U 20008E   20364.25001157 -.00021936  00000-0 -63002-1 0  9999
2 45135  87.8847  73.0863 0002337 110.1244 234.5050 13.10396710 47705
ONEWEB-0023             
1 45136U 20008F   20364.00001157  .00052502  00000-0  14966+0 0  9997
2 45136  87.8764  73.2566 0001489  62.7550 241.2352 13.10306748  1695
ONEWEB-0024             
1 45137U 20008G   20364.25001157 -.00022264  00000-0 -63955-1 0  9993
2 45137  87.8769  73.1785 0001506  87.9145  95.0849 13.10389313 47608
ONEWEB-0025             
1 45138U 20008H   20364.25001157 -.00023185  00000-0 -66612-1 0  9990
2 45138  87.8826  73.1754 0001679  92.9035   1.9362 13.10381928 47929
ONEWEB-0026             
1 45139U 20008J   20364.00001157 -.01051488  00000-0 -14598+0 0  9996
2 45139  87.5797  60.9545 0020967 180.3953  70.5281 14.81138251  1759
ONEWEB-0028             
1 45140U 20008K   20364.25001157 -.00023020  00000-0 -66135-1 0  9991
2 45140  87.8827  73.1169 0001646  91.7752  47.1610 13.10383953 47096
ONEWEB-0032             
1 45141U 20008L   20364.25001157 -.00022523  00000-0 -64689-1 0  9991
2 45141  87.8821  73.1995 0001563  98.3427 283.1691 13.10400171 47776
ONEWEB-0033             
1 45142U 20008M   20364.25001157 -.00022893  00000-0 -65774-1 0  9998
2 45142  87.8799  73.1438 0001627 101.8522  44.4257 13.10379678 47717
ONEWEB-0035             
1 45143U 20008N   20364.25001157 -.00022006  00000-0 -63213-1 0  9991
2 45143  87.8795  73.1489 0001767  98.3293 253.7325 13.10388906 47434
ONEWEB-0036             
1 45144U 20008P   20364.25001157 -.00022895  00000-0 -65767-1 0  9994
2 45144  87.8843  73.0818 0001816  88.9937 307.0865 13.10392980 47832
ONEWEB-0038             
1 45145U 20008Q   20364.00001157 -.01054235  00000-0 -19751+0 0  9992
2 45145  87.4568  60.9928 0019442 228.3426 230.4659 14.67830056  1752
ONEWEB-0039             
1 45146U 20008R   20364.25001157 -.00023141  00000-0 -66484-1 0  9998
2 45146  87.8828  73.1206 0000957  96.8320  27.4673 13.10383559 47559
ONEWEB-0040             
1 45147U 20008S   20364.25001157 -.00022655  00000-0 -65083-1 0  9992
2 45147  87.8823  73.1659 0001360  96.6509  64.3572 13.10384610 47257
ONEWEB-0041             
1 45148U 20008T   20363.91668981 -.01159745  00000-0 -16065+0 0  9995
2 45148  87.5522  61.0471 0016316 198.4755 129.0192 14.81108761 49495
ONEWEB-0043             
1 45149U 20008U   20364.25001157 -.00022744  00000-0 -65344-1 0  9993
2 45149  87.8726  73.1753 0001244  76.5960  77.0491 13.10381384 47565
ONEWEB-0044             
1 45150U 20008V   20364.25001157 -.00022399  00000-0 -64338-1 0  9993
2 45150  87.8751  73.1848 0001308  92.0440 281.9856 13.10394393 47854
ONEWEB-0045             
1 45151U 20008W   20363.91668981 -.01093580  00000-0 -21251+0 0  9996
2 45151  87.4714  61.0388 0014699 232.5129 178.9248 14.66400052 48939
ONEWEB-0047             
1 45152U 20008X   20364.25001157 -.00022947  00000-0 -65920-1 0  9992
2 45152  87.8720  73.1950 0001659  97.1883 313.6645 13.10390066 47595
ONEWEB-0048             
1 45153U 20008Y   20364.25001157 -.00023014  00000-0 -66108-1 0  9998
2 45153  87.8329  73.1948 0001671  88.1686 344.6409 13.10392949 47182
ONEWEB-0049             
1 45154U 20008Z   20364.25001157 -.00023162  00000-0 -66533-1 0  9995
2 45154  87.8834  73.1220 0001959  83.0853 342.3458 13.10394854 47429
ONEWEB-0051             
1 45155U 20008AA  20363.91668981 -.01130640  00000-0 -14642+0 0  9995
2 45155  87.5677  61.0451 0020845 187.3123 236.5301 14.83739965  1773
ONEWEB-0052             
1 45156U 20008AB  20364.25001157 -.00023246  00000-0 -66776-1 0  9999
2 45156  87.8828  73.1208 0002264  62.9783  17.1577 13.10393590 47300
ONEWEB-0053             
1 45157U 20008AC  20363.91668981 -.00023189  00000-0 -66626-1 0  9996
2 45157  87.8827  73.1874 0001386 102.1514 294.5936 13.10379654 47239
ONEWEB-0054             
1 45158U 20008AD  20364.25001157 -.00022178  00000-0 -63697-1 0  9993
2 45158  87.8844  73.1295 0001582 105.4625 253.9304 13.10398132 47390
ONEWEB-0056             
1 45159U 20008AE  20363.91668981 -.00003703  00000-0 -10645-1 0  9998
2 45159  87.8818  73.1908 0008605 310.0069   5.7615 13.10376745 47497
ONEWEB-0057             
1 45160U 20008AF  20364.25001157 -.00023152  00000-0 -66512-1 0  9998
2 45160  87.8843  73.0880 0001326  89.2011 328.9734 13.10386639 47440
ONEWEB-0058             
1 45161U 20008AG  20364.25001157 -.00023106  00000-0 -66383-1 0  9994
2 45161  87.8651  73.1794 0001355 100.3976  16.5328 13.10382310 47788
ONEWEB-0059             
1 45162U 20008AH  20364.25001157 -.00023009  00000-0 -66102-1 0  9996
2 45162  87.8742  73.1705 0001440 105.6184  26.0206 13.10386632 47676
ONEWEB-0062             
1 45163U 20008AJ  20363.91668981 -.00024763  00000-0 -71442-1 0  9994
2 45163  87.8823  73.1938 0002505  82.8916 153.6783 13.10102845 47508
ONEWEB-0065             
1 45164U 20008AK  20364.25001157 -.00023131  00000-0 -66454-1 0  9994
2 45164  87.8746  73.1895 0001718  99.4439  10.1785 13.10384452 47239
ONEWEB-0066             
1 45424U 20020A   20363.91668981 -.00000284  00000-0 -83598-3 0  9997
2 45424  87.8884  57.9763 0001294 138.2093 254.8021 13.11416709 41047
ONEWEB-0067             
1 45425U 20020B   20363.91668981 -.00000956  00000-0 -24124-2 0  9993
2 45425  87.9642  57.9732 0024545  48.7203  16.5508 13.19853732 41096
ONEWEB-0080             
1 45426U 20020C   20363.91668981 -.00001512  00000-0 -43000-2 0  9997
2 45426  87.8857  57.9711 0001582 100.6400  13.4584 13.11448687  1732
ONEWEB-0090             
1 45427U 20020D   20363.91668981 -.00000722  00000-0 -20738-2 0  9993
2 45427  87.8860  57.9809 0001705  98.3495 323.9893 13.11417059  1730
ONEWEB-0061             
1 45428U 20020E   20363.91668981 -.00001724  00000-0 -43451-2 0  9994
2 45428  87.9216  57.9539 0029530  59.1053  90.5941 13.19510338  1742
ONEWEB-0081             
1 45429U 20020F   20363.91668981 -.00001546  00000-0 -38795-2 0  9992
2 45429  87.9209  57.8998 0030133  54.1187  79.7092 13.19822797 41089
ONEWEB-0069             
1 45430U 20020G   20364.25001157 -.00039275  00000-0 -11128+0 0  9996
2 45430  87.8886  57.9127 0001616  98.3501  89.3194 13.11443694 41087
ONEWEB-0031             
1 45431U 20020H   20363.91668981 -.00001867  00000-0 -53032-2 0  9992
2 45431  87.8879  57.9846 0001676  92.3078  50.8111 13.11424631  1704
ONEWEB-0027             
1 45432U 20020J   20363.91668981  .00017310  00000-0  17930-2 0  9998
2 45432  87.5649  49.8168 0026581   3.6865 224.9743 14.89685638  1757
ONEWEB-0064             
1 45433U 20020K   20363.91668981 -.00001960  00000-0 -55593-2 0  9992
2 45433  87.8899  57.9863 0026387  60.6075  89.8303 13.11396198  1743
ONEWEB-0018             
1 45434U 20020L   20363.91668981 -.00000485  00000-0 -14056-2 0  9993
2 45434  87.8851  57.9692 0001691  93.9627 313.7717 13.11419317  1719
ONEWEB-0083             
1 45435U 20020M   20363.91668981 -.00001071  00000-0 -30571-2 0  9996
2 45435  87.8844  57.9763 0001732  93.4383 350.9615 13.11416662  1700
ONEWEB-0095             
1 45436U 20020N   20363.91668981 -.00001853  00000-0 -52590-2 0  9990
2 45436  87.8881  57.9763 0021455  57.6716  78.4621 13.11420156  1733
ONEWEB-0092             
1 45437U 20020P   20363.91668981 -.00000378  00000-0 -97917-3 0  9995
2 45437  87.9193  57.9029 0023097  50.6538 333.1638 13.19490826  1733
ONEWEB-0085             
1 45438U 20020Q   20363.91668981 -.00001436  00000-0 -40874-2 0  9991
2 45438  87.8887  57.9880 0001681  96.3087  10.2006 13.11410854  1736
ONEWEB-0096             
1 45439U 20020R   20363.91668981 -.00000982  00000-0 -28040-2 0  9998
2 45439  87.8901  57.9765 0001793  81.8149 356.8281 13.11510921  1705
ONEWEB-0037             
1 45440U 20020S   20363.91668981 -.00001740  00000-0 -49460-2 0  9992
2 45440  87.8885  57.9935 0002213  78.5855  49.9501 13.11434006  1717
ONEWEB-0042             
1 45441U 20020T   20363.91668981 -.00001957  00000-0 -55518-2 0  9994
2 45441  87.8888  57.9820 0020745  54.5228 115.9885 13.11434409  1707
ONEWEB-0098             
1 45442U 20020U   20363.91668981 -.00001751  00000-0 -49690-2 0  9991
2 45442  87.8918  57.9836 0024496  54.2398  67.2185 13.11416133  1718
ONEWEB-0055             
1 45443U 20020V   20363.91668981 -.00001879  00000-0 -53294-2 0  9998
2 45443  87.8853  57.9385 0027187  59.1020 113.8077 13.11414298  1710
ONEWEB-0093             
1 45444U 20020W   20363.91668981 -.00000233  00000-0 -69309-3 0  9997
2 45444  87.8860  57.9820 0013115  59.4364 312.1179 13.11469231  1739
ONEWEB-0029             
1 45445U 20020X   20364.25001157  .00000013  00000-0  00000+0 0  9995
2 45445  87.8919  57.8939 0028586  55.2041 266.0655 13.12913049 41067
ONEWEB-0068             
1 45446U 20020Y   20363.91668981 -.00000233  00000-0 -69372-3 0  9999
2 45446  87.8906  57.9775 0001183 103.0961 282.4952 13.11414192  1714
ONEWEB-0046             
1 45447U 20020Z   20363.91668981 -.00000385  00000-0 -11226-2 0  9992
2 45447  87.8886  57.9819 0001661  90.6152 310.0956 13.11400507  1734
ONEWEB-0063             
1 45448U 20020AA  20363.91668981 -.00001821  00000-0 -51713-2 0  9994
2 45448  87.8915  57.9976 0030537  57.9008 140.5913 13.11313248  1725
ONEWEB-0019             
1 45449U 20020AB  20363.91668981 -.00000123  00000-0 -38338-3 0  9998
2 45449  87.8909  57.9466 0001923  93.7511 284.6501 13.11439087  1731
ONEWEB-0094             
1 45450U 20020AC  20363.91668981  .00017789  00000-0  18044-2 0  9995
2 45450  87.5776  50.0258 0026984   6.7102  47.4441 14.90517615  1773
ONEWEB-0087             
1 45451U 20020AD  20363.91668981 -.00001966  00000-0 -57098-2 0  9990
2 45451  87.8895  57.9748 0027181  66.8392 111.9546 13.09777810  1741
ONEWEB-0082             
1 45452U 20020AE  20363.91668981 -.00001926  00000-0 -54610-2 0  9994
2 45452  87.8944  57.9504 0029371  63.6659  94.1304 13.11403176  1716
ONEWEB-0050             
1 45453U 20020AF  20363.91668981  .00016703  00000-0  15213-2 0  9998
2 45453  87.5417  49.1266 0025918   3.2126 311.2488 14.94809623  1792
ONEWEB-0034             
1 45454U 20020AG  20363.91668981 -.00001301  00000-0 -37070-2 0  9994
2 45454  87.8885  57.9754 0001652  85.3595  13.6809 13.11411311  1706
ONEWEB-0060             
1 45455U 20020AH  20363.91668981 -.00000823  00000-0 -23569-2 0  9991
2 45455  87.8836  57.9701 0001621  93.9116 336.0001 13.11426315  1712
ONEWEB-0086             
1 45456U 20020AJ  20363.91668981 -.00000216  00000-0 -64387-3 0  9992
2 45456  87.8914  57.9599 0023393  63.3028 300.1243 13.11394092  1703
ONEWEB-0088             
1 45457U 20020AK  20363.91668981 -.00001301  00000-0 -37061-2 0  9997
2 45457  87.8883  58.0025 0008553  75.3912  16.0689 13.11431899  1716
ONEWEB-0102             
1 47258U 20100A   20363.91668981  .00052836  00000-0  12914-2 0  9994
2 47258  87.4002  35.9866 0005521 245.2208 185.6094 15.40599513  1794
ONEWEB-0109             
1 47259U 20100B   20363.91668981  .00051292  00000-0  13767-2 0  9997
2 47259  87.3967  36.0000 0005336 236.8837  88.4407 15.37734699  1783
ONEWEB-0110             
1 47260U 20100C   20363.91668981  .00052903  00000-0  12978-2 0  9992
2 47260  87.3973  35.9865 0005104 242.8788 183.9153 15.40489851  1795
ONEWEB-0111             
1 47261U 20100D   20363.91668981  .00051254  00000-0  13706-2 0  9991
2 47261  87.3975  36.0003 0005188 247.7211  81.8370 15.37850066  1806
ONEWEB-0114             
1 47262U 20100E   20363.91668981  .00051480  00000-0  13980-2 0  9997
2 47262  87.3978  36.0044 0006173 223.5983  88.1860 15.37366434  1768
ONEWEB-0117             
1 47263U 20100F   20363.91668981  .00051292  00000-0  13475-2 0  9998
2 47263  87.3967  35.9956 0007593 253.1662  95.9413 15.38382454  1803
ONEWEB-0118             
1 47264U 20100G   20364.16667824 -.00041926  00000-0 -10087-2 0  9993
2 47264  87.3975  35.8884 0009034 235.5024 171.7133 15.41477015  1646
ONEWEB-0119             
1 47265U 20100H   20363.91668981  .00052098  00000-0  13345-2 0  9991
2 47265  87.3950  35.9903 0008879 232.5079 144.7136 15.39145966  1799
ONEWEB-0120             
1 47266U 20100J   20363.91668981  .00052759  00000-0  12839-2 0  9993
2 47266  87.3983  35.9854 0006047 247.3184 188.3263 15.40729221  1796
ONEWEB-0121             
1 47267U 20100K   20363.91668981  .00051556  00000-0  13381-2 0  9991
2 47267  87.3983  35.9969 0008738 245.5808 116.8862 15.38745395  1817
ONEWEB-0122             
1 47268U 20100L   20363.91668981  .00051344  00000-0  13840-2 0  9997
2 47268  87.3992  36.0058 0005575 231.9979  88.3936 15.37600979  1758
ONEWEB-0123             
1 47269U 20100M   20363.91668981  .00052996  00000-0  13076-2 0  9993
2 47269  87.3992  35.9877 0004700 238.0868 183.5425 15.40315570  1766
ONEWEB-0124             
1 47270U 20100N   20363.91668981  .00052915  00000-0  13249-2 0  9998
2 47270  87.3984  35.9894 0006491 217.2488 186.2412 15.39858470  1815
ONEWEB-0125             
1 47271U 20100P   20363.91668981  .00051428  00000-0  13909-2 0  9990
2 47271  87.3953  35.9985 0005849 227.8356  88.6687 15.37495141  1763
ONEWEB-0126             
1 47272U 20100Q   20363.91668981  .00052808  00000-0  13274-2 0  9999
2 47272  87.3980  35.9925 0006985 218.7906 180.1721 15.39736054  1793
ONEWEB-0127             
1 47273U 20100R   20364.16667824 -.00041933  00000-0 -10138-2 0  9998
2 47273  87.4000  35.8966 0008585 238.1477 163.6727 15.41334384  1637
ONEWEB-0128             
1 47274U 20100S   20363.91668981  .00051161  00000-0  11798-2 0  9991
2 47274  87.3995  35.9779 0009843 209.5529 285.1758 15.42325989  1817
ONEWEB-0129             
1 47275U 20100T   20363.91668981  .00051483  00000-0  13413-2 0  9995
2 47275  87.3962  35.9922 0008349 247.6327 110.6253 15.38631944  1752
ONEWEB-0130             
1 47276U 20100U   20363.91668981  .00052971  00000-0  13199-2 0  9990
2 47276  87.3994  35.9910 0005502 218.3705 190.7671 15.40011989  1766
ONEWEB-0131             
1 47277U 20100V   20363.91668981  .00052992  00000-0  13051-2 0  9991
2 47277  87.3979  35.9861 0004785 233.6797 188.7459 15.40371435  1764
ONEWEB-0132             
1 47278U 20100W   20363.91668981  .00051184  00000-0  13634-2 0  9991
2 47278  87.3952  35.9984 0005638 250.1459  83.7547 15.37968383  1806
ONEWEB-0133             
1 47279U 20100X   20363.91668981  .00051798  00000-0  12268-2 0  9995
2 47279  87.3994  35.9826 0009388 234.5367 230.5478 15.41525327  1816
ONEWEB-0134             
1 47280U 20100Y   20363.91668981  .00052333  00000-0  12591-2 0  9992
2 47280  87.3985  35.9820 0008479 242.9448 207.6145 15.41057498  1764
ONEWEB-0135             
1 47281U 20100Z   20363.91668981  .00051181  00000-0  11845-2 0  9994
2 47281  87.3967  35.9754 0009841 212.2338 278.5004 15.42218167  1813
ONEWEB-0136             
1 47282U 20100AA  20363.91668981  .00053006  00000-0  13160-2 0  9995
2 47282  87.3966  35.9851 0005260 222.7859 190.4915 15.40123718  1814
ONEWEB-0137             
1 47283U 20100AB  20363.91668981  .00053869  00000-0  13644-2 0  9990
2 47283  87.3982  35.9927 0007977 221.1186 168.8523 15.39492399  1760
ONEWEB-0138             
1 47284U 20100AC  20363.91668981  .00051504  00000-0  13302-2 0  9996
2 47284  87.3959  35.9933 0009124 239.1867 128.8251 15.38892691  1765
ONEWEB-0139             
1 47285U 20100AD  20363.91668981  .00051208  00000-0  11903-2 0  9993
2 47285  87.4008  35.9807 0009872 215.4711 270.3907 15.42087027  1773
ONEWEB-0140             
1 47286U 20100AE  20363.91668981  .00051227  00000-0  13532-2 0  9995
2 47286  87.3963  35.9976 0006610 254.4210  88.6817 15.38220154  1757
ONEWEB-0141             
1 47287U 20100AF  20363.91668981  .00052244  00000-0  13331-2 0  9993
2 47287  87.3980  35.9931 0008778 229.3001 152.2414 15.39263848  1764
ONEWEB-0142             
1 47288U 20100AG  20363.91668981  .00052992  00000-0  13097-2 0  9993
2 47288  87.4007  35.9919 0004945 228.4718 189.9434 15.40263715  1796
ONEWEB-0143             
1 47289U 20100AH  20363.91668981  .00051553  00000-0  13492-2 0  9995
2 47289  87.3980  35.9996 0007946 250.6024 102.6564 15.38496001  1757
ONEWEB-0144             
1 47290U 20100AJ  20363.91668981  .00051160  00000-0  13567-2 0  9994
2 47290  87.3986  35.9995 0006139 252.7295  86.0684 15.38103267  1757
ONEWEB-0145             
1 47291U 20100AK  20363.91668981  .00051300  00000-0  11967-2 0  9993
2 47291  87.3980  35.9782 0009925 218.1216 263.7096 15.41978980  1770
ONEWEB-0146             
1 47292U 20100AL  20363.91668981  .00051888  00000-0  13350-2 0  9993
2 47292  87.3994  35.9963 0008964 236.2810 135.9367 15.39010165  1815
ONEWEB-0147             
1 47293U 20100AM  20363.91668981  .00052688  00000-0  13293-2 0  9999
2 47293  87.3986  35.9895 0007467 219.8775 174.7881 15.39620113  1794
