ONEWEB-0012             
1 44057U 19010A   20365.58334491  .00005880  00000-0  14201-1 0  9994
2 44057  87.9181 295.1541 0001880  76.7262  78.8581 13.21808670  1712
ONEWEB-0010             
1 44058U 19010B   20365.58334491  .00006045  00000-0  14600-1 0  9992
2 44058  87.9184 295.1594 0001661  74.6878  73.1397 13.21804320  1745
ONEWEB-0008             
1 44059U 19010C   20365.58334491  .00005694  00000-0  13750-1 0  9997
2 44059  87.9187 295.1660 0001825  76.5822  86.6170 13.21808624  1700
ONEWEB-0007             
1 44060U 19010D   20365.58334491  .00006215  00000-0  15010-1 0  9990
2 44060  87.9182 295.1556 0001914  83.6365  56.8763 13.21808450  1716
ONEWEB-0006             
1 44061U 19010E   20365.58334491  .00006363  00000-0  15368-1 0  9991
2 44061  87.9188 295.1654 0001806  77.1554  55.9703 13.21810322  1715
ONEWEB-0011             
1 44062U 19010F   20365.58334491  .00006500  00000-0  15698-1 0  9991
2 44062  87.9192 295.1742 0002150  77.2009  48.6876 13.21810841  1703
ONEWEB-0013             
1 45131U 20008A   20365.58334491  .00036852  00000-0  10674+0 0  9998
2 45131  87.9141  88.1211 0001415  89.9140 328.3766 13.09315387  1724
ONEWEB-0017             
1 45132U 20008B   20365.58334491  .00046035  00000-0  13122+0 0  9994
2 45132  87.8838  72.8399 0002261 103.4135  91.5788 13.10355048  1701
ONEWEB-0020             
1 45133U 20008C   20365.58334491  .00044031  00000-0  12555+0 0  9998
2 45133  87.8819  72.8264 0001394  87.5436 254.2841 13.10345744  1726
ONEWEB-0021             
1 45134U 20008D   20365.58334491  .00042506  00000-0  12122+0 0  9994
2 45134  87.8728  72.9164 0001402  93.9690 174.4401 13.10346494  1727
ONEWEB-0022             
1 45135U 20008E   20365.58334491  .00047229  00000-0  13460+0 0  9998
2 45135  87.8843  72.8204 0002339 107.9721  42.9320 13.10358332  1702
ONEWEB-0023             
1 45136U 20008F   20365.58334491  .00045316  00000-0  12918+0 0  9991
2 45136  87.8754  72.9394 0001777  69.8914 139.7410 13.10355283 47617
ONEWEB-0024             
1 45137U 20008G   20365.58334491  .00041697  00000-0  11891+0 0  9999
2 45137  87.8765  72.9114 0001490  86.5772 262.6588 13.10353191  1720
ONEWEB-0025             
1 45138U 20008H   20365.58334491  .00042820  00000-0  12212+0 0  9997
2 45138  87.8817  72.9091 0001680  92.2429 168.7935 13.10342263  1705
ONEWEB-0026             
1 45139U 20008J   20365.58334491 -.01047938  00000-0 -15696+0 0  9995
2 45139  87.5882  60.4754 0021029 174.9384 222.4678 14.77448658  1790
ONEWEB-0028             
1 45140U 20008K   20365.58334491  .00041481  00000-0  11831+0 0  9998
2 45140  87.8819  72.8506 0001639  90.8348 214.3088 13.10345895  1710
ONEWEB-0032             
1 45141U 20008L   20365.58334491  .00046289  00000-0  13193+0 0  9993
2 45141  87.8814  72.9332 0001559  97.3595  90.4402 13.10360375  1781
ONEWEB-0033             
1 45142U 20008M   20365.58334491  .00041408  00000-0  11811+0 0  9997
2 45142  87.8792  72.8771 0001634 100.8820 211.5831 13.10341872  1736
ONEWEB-0035             
1 45143U 20008N   20365.58334491  .00047114  00000-0  13429+0 0  9995
2 45143  87.8790  72.8823 0001758  96.7300  61.5683 13.10350126  1703
ONEWEB-0036             
1 45144U 20008P   20365.58334491  .00045709  00000-0  13030+0 0  9992
2 45144  87.8835  72.8158 0001808  87.8672 114.4650 13.10352795  1700
ONEWEB-0038             
1 45145U 20008Q   20365.58334491 -.01043599  00000-0 -21234+0 0  9996
2 45145  87.4693  60.5000 0019493 222.0409 307.5281 14.64134671  1772
ONEWEB-0039             
1 45146U 20008R   20365.58334491  .00041758  00000-0  11910+0 0  9999
2 45146  87.8819  72.8543 0000960  98.1539 192.3501 13.10344935 47726
ONEWEB-0040             
1 45147U 20008S   20365.58334491  .00041383  00000-0  11803+0 0  9995
2 45147  87.8817  72.8995 0001356  95.9294 231.2908 13.10347551  1719
ONEWEB-0041             
1 45148U 20008T   20365.58334491 -.01107980  00000-0 -16863+0 0  9996
2 45148  87.5620  60.5375 0016412 192.2446   3.6882 14.77011915  1789
ONEWEB-0043             
1 45149U 20008U   20365.58334491  .00041357  00000-0  11796+0 0  9999
2 45149  87.8720  72.9078 0001218  76.1394 243.7021 13.10344070  1713
ONEWEB-0044             
1 45150U 20008V   20365.58334491  .00046553  00000-0  13269+0 0  9991
2 45150  87.8745  72.9176 0001298  91.4693  88.8214 13.10354850  1709
ONEWEB-0045             
1 45151U 20008W   20365.58334491 -.01039079  00000-0 -21943+0 0  9998
2 45151  87.4843  60.5245 0014759 225.7422 326.6712 14.62522957  1757
ONEWEB-0047             
1 45152U 20008X   20365.58334491  .00044967  00000-0  12820+0 0  9992
2 45152  87.8711  72.9274 0001662  96.3899 120.7005 13.10349858  1706
ONEWEB-0048             
1 45153U 20008Y   20365.58334491  .00043726  00000-0  12467+0 0  9992
2 45153  87.8698  72.9234 0001668  87.0180 152.0436 13.10353365  1707
ONEWEB-0049             
1 45154U 20008Z   20365.58334491  .00044245  00000-0  12614+0 0  9994
2 45154  87.8824  72.8558 0001941  81.8635 149.8270 13.10354677  1705
ONEWEB-0051             
1 45155U 20008AA  20365.58334491 -.01078210  00000-0 -15334+0 0  9999
2 45155  87.5770  60.5366 0021361 181.7598 126.5116 14.79704512  1760
ONEWEB-0052             
1 45156U 20008AB  20365.58334491  .00043497  00000-0  12402+0 0  9999
2 45156  87.8819  72.8545 0002220  61.3040 185.0847 13.10353608  1706
ONEWEB-0053             
1 45157U 20008AC  20365.58334491  .00041432  00000-0  11816+0 0  9995
2 45157  87.8819  72.8545 0001334 102.9102 231.5577 13.10351536  1821
ONEWEB-0054             
1 45158U 20008AD  20365.58334491  .00046979  00000-0  13389+0 0  9994
2 45158  87.8839  72.8635 0001584 104.1949  61.4782 13.10359092  1715
ONEWEB-0056             
1 45159U 20008AE  20365.58334491  .00033417  00000-0  95405-1 0  9999
2 45159  87.8806  72.8579 0008271 305.6066 307.8092 13.10320585 47711
ONEWEB-0057             
1 45160U 20008AF  20365.58334491  .00044627  00000-0  12724+0 0  9997
2 45160  87.8834  72.8220 0001316  89.1388 135.2560 13.10346434  1715
ONEWEB-0058             
1 45161U 20008AG  20365.58334491  .00041979  00000-0  11973+0 0  9990
2 45161  87.8643  72.9109 0001364 100.2119 182.9177 13.10343456  1704
ONEWEB-0059             
1 45162U 20008AH  20365.58334491  .00041613  00000-0  11868+0 0  9999
2 45162  87.8734  72.9031 0001453 105.0463 192.8129 13.10348334  1723
ONEWEB-0062             
1 45163U 20008AJ  20365.58334491  .00046802  00000-0  13340+0 0  9992
2 45163  87.8816  72.8612 0001788  86.7312  86.1659 13.10353495 47725
ONEWEB-0065             
1 45164U 20008AK  20365.58334491  .00042231  00000-0  12044+0 0  9995
2 45164  87.8737  72.9221 0001726  98.6197 177.2120 13.10345327  1731
ONEWEB-0066             
1 45424U 20020A   20365.58334491  .00036923  00000-0  10375+0 0  9994
2 45424  87.8879  57.6436 0001312 138.8254 198.1858 13.11403770  1713
ONEWEB-0067             
1 45425U 20020B   20365.58334491  .00037099  00000-0  91958-1 0  9998
2 45425  87.9631  57.6475 0024419  44.2295  15.5923 13.19840717  1700
ONEWEB-0080             
1 45426U 20020C   20365.58334491  .00036222  00000-0  10174+0 0  9995
2 45426  87.8844  57.6379 0001535 100.4739 317.8091 13.11434753  1717
ONEWEB-0090             
1 45427U 20020D   20365.58334491  .00036046  00000-0  10129+0 0  9990
2 45427  87.8852  57.6478 0001632  97.4829 268.8597 13.11406227  1722
ONEWEB-0061             
1 45428U 20020E   20365.58334491  .00000013  00000-0  00000+0 0  9993
2 45428  87.9116  57.6217 0029500  55.0757  85.8607 13.18107028 41190
ONEWEB-0081             
1 45429U 20020F   20365.58334491  .00000013  00000-0  00000+0 0  9994
2 45429  87.9132  57.5672 0030127  49.5412  78.2376 13.18861573 41300
ONEWEB-0069             
1 45430U 20020G   20365.58334491  .00036207  00000-0  10174+0 0  9993
2 45430  87.8881  57.6467 0001613  97.0445 261.8823 13.11405921  1719
ONEWEB-0031             
1 45431U 20020H   20365.58334491  .00037244  00000-0  10464+0 0  9998
2 45431  87.8865  57.6517 0001621  91.8269 355.3293 13.11409317  1716
ONEWEB-0027             
1 45432U 20020J   20365.58334491  .00042504  00000-0  43915-2 0  9994
2 45432  87.5644  49.3006 0026308 357.5147 163.2886 14.89688112  1796
ONEWEB-0064             
1 45433U 20020K   20365.58334491  .00037543  00000-0  10534+0 0  9990
2 45433  87.8885  57.6538 0026282  56.2892  38.0152 13.11380679  1707
ONEWEB-0018             
1 45434U 20020L   20365.58334491  .00033978  00000-0  95501-1 0  9998
2 45434  87.8845  57.6360 0001636  92.8778 258.8761 13.11404894  1728
ONEWEB-0083             
1 45435U 20020M   20365.58334491  .00035834  00000-0  10070+0 0  9998
2 45435  87.8834  57.6429 0001655  92.4220 295.9751 13.11404472  1837
ONEWEB-0095             
1 45436U 20020N   20365.58334491 -.00025141  00000-0 -71112-1 0  9997
2 45436  87.8867  57.6435 0020276  54.1766  25.9727 13.11399209  1713
ONEWEB-0092             
1 45437U 20020P   20365.58334491  .00036508  00000-0  90999-1 0  9999
2 45437  87.9186  57.5704 0022961  46.1387 330.0632 13.19480566  1710
ONEWEB-0085             
1 45438U 20020Q   20365.58334491  .00036056  00000-0  10133+0 0  9998
2 45438  87.8875  57.6553 0001621  95.7104 314.7576 13.11397279  1777
ONEWEB-0096             
1 45439U 20020R   20365.58334491  .00035855  00000-0  10062+0 0  9996
2 45439  87.8891  57.6440 0001697  80.1134 303.0926 13.11499081  1713
ONEWEB-0037             
1 45440U 20020S   20365.58334491  .00017761  00000-0  49987-1 0  9994
2 45440  87.8872  57.6607 0002232  77.6264 355.0022 13.11410849  1719
ONEWEB-0042             
1 45441U 20020T   20365.58334491  .00038516  00000-0  10807+0 0  9993
2 45441  87.8875  57.6492 0020633  50.2215  64.3852 13.11418525  1702
ONEWEB-0098             
1 45442U 20020U   20365.58334491 -.00007824  00000-0 -22107-1 0  9992
2 45442  87.8905  57.6514 0023318  50.4175  15.0326 13.11397615  1718
ONEWEB-0055             
1 45443U 20020V   20365.58334491  .00038570  00000-0  10817+0 0  9996
2 45443  87.8840  57.6052 0027081  54.7783  62.1066 13.11398464  1747
ONEWEB-0093             
1 45444U 20020W   20365.58334491 -.00004209  00000-0 -11905-1 0  9992
2 45444  87.8858  57.6489 0012516  55.7999 260.0795 13.11459030  1721
ONEWEB-0029             
1 45445U 20020X   20365.58334491  .00039347  00000-0  11174+0 0  9998
2 45445  87.8855  57.6280 0028607  51.4107  82.8169 13.10518028 41237
ONEWEB-0068             
1 45446U 20020Y   20365.58334491  .00037199  00000-0  10452+0 0  9990
2 45446  87.8903  57.6452 0001110 104.0635 225.5201 13.11405037  1723
ONEWEB-0046             
1 45447U 20020Z   20365.58334491  .00036656  00000-0  10302+0 0  9992
2 45447  87.8881  57.6493 0001569  89.3670 255.2519 13.11390765  1707
ONEWEB-0063             
1 45448U 20020AA  20365.58334491 -.00009040  00000-0 -25562-1 0  9998
2 45448  87.8904  57.6654 0029333  54.1684  87.7001 13.11283683  1767
ONEWEB-0019             
1 45449U 20020AB  20365.58334491  .00037495  00000-0  10531+0 0  9990
2 45449  87.8906  57.6143 0001831  92.1240 230.4197 13.11430184  1714
ONEWEB-0094             
1 45450U 20020AC  20365.58334491  .00039687  00000-0  40170-2 0  9992
2 45450  87.5767  49.5115 0026820   0.4901 350.7819 14.90518276  1778
ONEWEB-0087             
1 45451U 20020AD  20365.58334491  .00038250  00000-0  10986+0 0  9997
2 45451  87.8882  57.6432 0027085  62.5592  50.4035 13.09762033  1732
ONEWEB-0082             
1 45452U 20020AE  20365.58334491  .00037849  00000-0  10614+0 0  9999
2 45452  87.8930  57.6186 0029270  59.3434  42.3611 13.11387537  1713
ONEWEB-0050             
1 45453U 20020AF  20365.58334491  .00042609  00000-0  38712-2 0  9992
2 45453  87.5412  48.6013 0025756 357.0706 280.2204 14.94810734  1779
ONEWEB-0034             
1 45454U 20020AG  20365.58334491  .00035931  00000-0  10098+0 0  9997
2 45454  87.8874  57.6426 0001569  84.3129 318.6901 13.11398234  1705
ONEWEB-0060             
1 45455U 20020AH  20365.58334491  .00035924  00000-0  10096+0 0  9998
2 45455  87.8828  57.6366 0001625  93.2949 280.6758 13.11398892  1708
ONEWEB-0086             
1 45456U 20020AJ  20365.58334491 -.00067217  00000-0 -19087+0 0  9990
2 45456  87.8912  57.6277 0022857  58.9869 248.3125 13.11401761  1713
ONEWEB-0088             
1 45457U 20020AK  20365.58334491  .00000840  00000-0  23344-2 0  9992
2 45457  87.8872  57.6698 0008072  72.5869 322.9639 13.11410710  1703
ONEWEB-0102             
1 47258U 20100A   20365.58334491  .00013181  00000-0  32244-3 0  9994
2 47258  87.3995  35.3905 0005660 237.5041  70.5944 15.40647878  1799
ONEWEB-0109             
1 47259U 20100B   20365.58334491  .00017985  00000-0  48334-3 0  9998
2 47259  87.3964  35.4059 0005521 228.7754 316.6528 15.37777389  1852
ONEWEB-0110             
1 47260U 20100C   20365.58334491  .00012927  00000-0  31737-3 0  9990
2 47260  87.3965  35.3898 0005246 235.1378  68.2682 15.40538345  1798
ONEWEB-0111             
1 47261U 20100D   20365.58334491  .00016476  00000-0  44110-3 0  9993
2 47261  87.3972  35.4063 0005340 239.2826 311.0745 15.37895550  1766
ONEWEB-0114             
1 47262U 20100E   20365.58334491  .00017834  00000-0  48493-3 0  9991
2 47262  87.3976  35.4108 0006406 216.0440 313.6336 15.37410117  1799
ONEWEB-0117             
1 47263U 20100F   20365.58334491  .00013434  00000-0  35322-3 0  9991
2 47263  87.3963  35.4010 0007720 245.4819 327.6153 15.38429833  1769
ONEWEB-0118             
1 47264U 20100G   20365.58334491  .00015718  00000-0  37403-3 0  9991
2 47264  87.3968  35.3809 0009166 228.9666 114.1577 15.41462205  1765
ONEWEB-0119             
1 47265U 20100H   20365.58334491  .00012637  00000-0  32393-3 0  9992
2 47265  87.3944  35.3945 0009036 225.4864  20.2964 15.39193088  1819
ONEWEB-0120             
1 47266U 20100J   20365.58334491  .00016504  00000-0  40206-3 0  9992
2 47266  87.3976  35.3888 0006180 239.5689  74.1238 15.40778574  1834
ONEWEB-0121             
1 47267U 20100K   20365.58334491  .00013578  00000-0  35270-3 0  9996
2 47267  87.3978  35.4023 0008878 238.2722 350.3600 15.38792382  1819
ONEWEB-0122             
1 47268U 20100L   20365.58334491  .00017200  00000-0  46421-3 0  9993
2 47268  87.3989  35.4124 0005776 224.1171 315.5737 15.37645049  1764
ONEWEB-0123             
1 47269U 20100M   20365.58334491  .00015511  00000-0  38314-3 0  9999
2 47269  87.3985  35.3916 0004843 230.4084  66.7854 15.40364246  1830
ONEWEB-0124             
1 47270U 20100N   20365.58334491  .00012708  00000-0  31848-3 0  9991
2 47270  87.3978  35.3937 0006656 210.4242  65.8930 15.39904187  1832
ONEWEB-0125             
1 47271U 20100P   20365.58334491  .00017467  00000-0  47301-3 0  9990
2 47271  87.3951  35.4043 0006067 220.1074 315.0623 15.37539284  1761
ONEWEB-0126             
1 47272U 20100Q   20365.58334491  .00012047  00000-0  30302-3 0  9993
2 47272  87.3974  35.3968 0007149 211.9790  59.0803 15.39784096  1813
ONEWEB-0127             
1 47273U 20100R   20365.58334491  .00015460  00000-0  36967-3 0  9999
2 47273  87.3994  35.3897 0008705 231.5641 105.4385 15.41320095  1762
ONEWEB-0128             
1 47274U 20100S   20365.58334491  .00018816  00000-0  43426-3 0  9996
2 47274  87.3988  35.3803 0010083 202.5388 179.8023 15.42373421  1790
ONEWEB-0129             
1 47275U 20100T   20365.58334491  .00013908  00000-0  36269-3 0  9991
2 47275  87.3957  35.3972 0008486 240.2555 343.4807 15.38677936  1795
ONEWEB-0130             
1 47276U 20100U   20365.58334491  .00012053  00000-0  30056-3 0  9990
2 47276  87.3987  35.3953 0005670 211.4582  71.4251 15.40059528  1818
ONEWEB-0131             
1 47277U 20100V   20365.58334491  .00014103  00000-0  34772-3 0  9998
2 47277  87.3972  35.3897 0004939 226.1975  72.1223 15.40415825  1875
ONEWEB-0132             
1 47278U 20100W   20365.58334491  .00016074  00000-0  42864-3 0  9999
2 47278  87.3949  35.4038 0005777 241.8331 313.5788 15.38014368  1792
ONEWEB-0133             
1 47279U 20100X   20365.58334491  .00015714  00000-0  37250-3 0  9993
2 47279  87.3986  35.3856 0009559 227.2488 120.6529 15.41573934  1753
ONEWEB-0134             
1 47280U 20100Y   20365.58334491  .00014780  00000-0  35594-3 0  9996
2 47280  87.3977  35.3852 0008627 235.5809  94.9844 15.41104294  1791
ONEWEB-0135             
1 47281U 20100Z   20365.58334491  .00018175  00000-0  42098-3 0  9996
2 47281  87.3960  35.3773 0010074 205.1940 172.5062 15.42265982  1769
ONEWEB-0136             
1 47282U 20100AA  20365.58334491  .00012309  00000-0  30582-3 0  9995
2 47282  87.3959  35.3887 0005427 215.6618  72.0390 15.40173075  1765
ONEWEB-0137             
1 47283U 20100AB  20365.58334491  .00013336  00000-0  33811-3 0  9995
2 47283  87.3976  35.3973 0008139 214.2968  46.3091 15.39541009  1819
ONEWEB-0138             
1 47284U 20100AC  20365.58334491  .00014384  00000-0  37189-3 0  9992
2 47284  87.3951  35.3984 0009276 232.0244   3.0080 15.38934169  1767
ONEWEB-0139             
1 47285U 20100AD  20365.58334491  .00018059  00000-0  42015-3 0  9990
2 47285  87.4001  35.3836 0010091 208.3700 163.6655 15.42133340  1792
ONEWEB-0140             
1 47286U 20100AE  20365.58334491  .00014918  00000-0  39447-3 0  9996
2 47286  87.3959  35.4030 0006735 246.4738 319.6398 15.38265690  1768
ONEWEB-0141             
1 47287U 20100AF  20365.58334491  .00012533  00000-0  32003-3 0  9999
2 47287  87.3975  35.3979 0008935 222.3709  28.4384 15.39311254  1830
ONEWEB-0142             
1 47288U 20100AG  20365.58334491  .00013284  00000-0  32857-3 0  9991
2 47288  87.4000  35.3962 0005114 220.8552  72.8246 15.40316369  1764
ONEWEB-0143             
1 47289U 20100AH  20365.58334491  .00014347  00000-0  37585-3 0  9996
2 47289  87.3976  35.4052 0008079 243.0663 334.8570 15.38541815  1797
ONEWEB-0144             
1 47290U 20100AJ  20365.58334491  .00015648  00000-0  41542-3 0  9991
2 47290  87.3983  35.4055 0006268 244.6246 316.4844 15.38148332  1799
ONEWEB-0145             
1 47291U 20100AK  20365.58334491  .00017803  00000-0  41567-3 0  9994
2 47291  87.3972  35.3805 0010134 211.0521 156.3014 15.42024844  1797
ONEWEB-0146             
1 47292U 20100AL  20365.58334491  .00013064  00000-0  33638-3 0  9990
2 47292  87.3989  35.4017 0009116 229.1766  10.7936 15.39058458  1791
ONEWEB-0147             
1 47293U 20100AM  20365.58334491  .00012118  00000-0  30594-3 0  9998
2 47293  87.3980  35.3940 0007633 213.0449  53.0240 15.39668623  1798
