ONEWEB-0012             
1 44057U 19010A   20364.58334491  .00005153  00000-0  12441-1 0  9990
2 44057  87.9179 295.3539 0001906  77.4276   2.3513 13.21808656 88660
ONEWEB-0010             
1 44058U 19010B   20364.58334491  .00005242  00000-0  12658-1 0  9990
2 44058  87.9182 295.3591 0001690  75.1671 356.8709 13.21804101  1724
ONEWEB-0008             
1 44059U 19010C   20364.58334491  .00005016  00000-0  12109-1 0  9991
2 44059  87.9186 295.3658 0001849  77.2064  10.1871 13.21808870 88809
ONEWEB-0007             
1 44060U 19010D   20364.58334491  .00005316  00000-0  12837-1 0  9994
2 44060  87.9179 295.3554 0001934  84.2819 340.4266 13.21808038 88835
ONEWEB-0006             
1 44061U 19010E   20364.58334491  .00005351  00000-0  12920-1 0  9997
2 44061  87.9184 295.3652 0001836  77.7458 339.5693 13.21809738 88873
ONEWEB-0011             
1 44062U 19010F   20364.58334491  .00005348  00000-0  12913-1 0  9996
2 44062  87.9188 295.3739 0002182  78.1042 331.9721 13.21810137 88876
ONEWEB-0013             
1 45131U 20008A   20364.58334491  .00035069  00000-0  10159+0 0  9994
2 45131  87.9146  88.3168 0001433  88.9507 298.3989 13.09317902 45678
ONEWEB-0017             
1 45132U 20008B   20364.58334491  .00046659  00000-0  13299+0 0  9990
2 45132  87.8844  73.0390 0002248 104.0288  56.2784 13.10355656  1735
ONEWEB-0020             
1 45133U 20008C   20364.58334491  .00041618  00000-0  11870+0 0  9994
2 45133  87.8823  73.0257 0001406  87.0616 220.1244 13.10345664  1703
ONEWEB-0021             
1 45134U 20008D   20364.58334491  .00043898  00000-0  12517+0 0  9996
2 45134  87.8736  73.1165 0001406  92.9562 140.8030 13.10347377  1716
ONEWEB-0022             
1 45135U 20008E   20364.58334491  .00046725  00000-0  13317+0 0  9998
2 45135  87.8847  73.0194 0002329 108.9162   7.2926 13.10358041  1754
ONEWEB-0023             
1 45136U 20008F   20364.58334491  .00046333  00000-0  13160+0 0  9990
2 45136  87.8760  73.1393 0001978  49.0538 125.1018 13.10598333 47484
ONEWEB-0024             
1 45137U 20008G   20364.58334491  .00041584  00000-0  11859+0 0  9997
2 45137  87.8769  73.1113 0001508  86.4084 228.1607 13.10352593  1703
ONEWEB-0025             
1 45138U 20008H   20364.58334491  .00044244  00000-0  12616+0 0  9996
2 45138  87.8824  73.1084 0001684  91.8043 134.5966 13.10343252  1703
ONEWEB-0026             
1 45139U 20008J   20364.58334491 -.01029273  00000-0 -14742+0 0  9997
2 45139  87.5828  60.7767 0020851 178.1583 299.7008 14.79770719  1765
ONEWEB-0028             
1 45140U 20008K   20364.58334491  .00042425  00000-0  12099+0 0  9993
2 45140  87.8825  73.0498 0001649  90.5392 179.9604 13.10346266  1710
ONEWEB-0032             
1 45141U 20008L   20364.58334491  .00046737  00000-0  13320+0 0  9992
2 45141  87.8820  73.1325 0001561  97.1065  55.9889 13.10360925  1715
ONEWEB-0033             
1 45142U 20008M   20364.58334491  .00042201  00000-0  12036+0 0  9998
2 45142  87.8797  73.0766 0001625 100.5303 177.3058 13.10342173  1747
ONEWEB-0035             
1 45143U 20008N   20364.58334491  .00046803  00000-0  13341+0 0  9991
2 45143  87.8794  73.0818 0001762  97.0113  26.6205 13.10350042  1715
ONEWEB-0036             
1 45144U 20008P   20364.58334491  .00046517  00000-0  13259+0 0  9992
2 45144  87.8841  73.0149 0001817  87.8684  79.7865 13.10353614  1716
ONEWEB-0038             
1 45145U 20008Q   20364.58334491 -.01048229  00000-0 -20239+0 0  9994
2 45145  87.4614  60.8099 0019709 226.0668  71.7798 14.66477610  1742
ONEWEB-0039             
1 45146U 20008R   20364.58334491  .00042942  00000-0  12246+0 0  9997
2 45146  87.8826  73.0536 0000960  95.5550 160.3072 13.10345539 47597
ONEWEB-0040             
1 45147U 20008S   20364.58334491  .00041841  00000-0  11933+0 0  9997
2 45147  87.8822  73.0988 0001360  95.1715 197.4008 13.10347458  1692
ONEWEB-0041             
1 45148U 20008T   20364.58334491 -.01108427  00000-0 -15920+0 0  9995
2 45148  87.5562  60.8419 0016429 196.1633  81.6014 14.79457228  1758
ONEWEB-0043             
1 45149U 20008U   20364.58334491  .00041987  00000-0  11975+0 0  9996
2 45149  87.8725  73.1080 0001248  75.2138 209.9916 13.10344086  1739
ONEWEB-0044             
1 45150U 20008V   20364.58334491  .00046814  00000-0  13343+0 0  9993
2 45150  87.8750  73.1176 0001306  90.7136  54.8926 13.10355235  1736
ONEWEB-0045             
1 45151U 20008W   20364.58334491 -.01049709  00000-0 -21066+0 0  9994
2 45151  87.4766  60.8317 0014894 229.8134  96.7458 14.64837079  1768
ONEWEB-0047             
1 45152U 20008X   20364.58334491  .00046050  00000-0  13127+0 0  9997
2 45152  87.8718  73.1277 0001659  96.0646  86.3595 13.10350781  1733
ONEWEB-0048             
1 45153U 20008Y   20364.58334491  .00044857  00000-0  12788+0 0  9993
2 45153  87.8434  73.1261 0001675  87.0801 117.3044 13.10354022  1706
ONEWEB-0049             
1 45154U 20008Z   20364.58334491  .00045553  00000-0  12985+0 0  9997
2 45154  87.8832  73.0551 0001961  82.0012 115.0069 13.10355682  1702
ONEWEB-0051             
1 45155U 20008AA  20364.58334491 -.01076290  00000-0 -14447+0 0  9998
2 45155  87.5716  60.8403 0021003 185.2974 195.1633 14.82114896 49701
ONEWEB-0052             
1 45156U 20008AB  20364.58334491  .00044921  00000-0  12806+0 0  9999
2 45156  87.8826  73.0538 0002269  62.0446 149.6667 13.10354602  1701
ONEWEB-0053             
1 45157U 20008AC  20364.58334491  .00041717  00000-0  11897+0 0  9999
2 45157  87.8824  73.0538 0001331 102.1653 197.6408 13.10351286 47324
ONEWEB-0054             
1 45158U 20008AD  20364.58334491  .00046863  00000-0  13356+0 0  9999
2 45158  87.8843  73.0626 0001578 104.1639  26.8101 13.10359178  1739
ONEWEB-0056             
1 45159U 20008AE  20364.58334491  .00044523  00000-0  12690+0 0  9991
2 45159  87.8813  73.0573 0008632 307.7583 271.0871 13.10358727  1776
ONEWEB-0057             
1 45160U 20008AF  20364.58334491  .00045843  00000-0  13069+0 0  9990
2 45160  87.8841  73.0211 0001326  88.0047 101.7369 13.10347349  1741
ONEWEB-0058             
1 45161U 20008AG  20364.58334491  .00043248  00000-0  12333+0 0  9991
2 45161  87.8649  73.1118 0001355  99.1241 149.3679 13.10344133  1779
ONEWEB-0059             
1 45162U 20008AH  20364.58334491  .00042673  00000-0  12169+0 0  9990
2 45162  87.8740  73.1032 0001438 104.3032 158.9024 13.10348799  1745
ONEWEB-0062             
1 45163U 20008AJ  20364.58334491  .00046861  00000-0  13411+0 0  9995
2 45163  87.8821  73.0604 0002418  81.6033  57.3674 13.10073721 47593
ONEWEB-0065             
1 45164U 20008AK  20364.58334491  .00043570  00000-0  12424+0 0  9993
2 45164  87.8745  73.1222 0001722  98.2912 142.8954 13.10346119  1723
ONEWEB-0066             
1 45424U 20020A   20364.58334491  .00038678  00000-0  10866+0 0  9997
2 45424  87.8882  57.8427 0001253 139.3687 159.2110 13.11405368  1702
ONEWEB-0067             
1 45425U 20020B   20364.58334491  .00037501  00000-0  92949-1 0  9996
2 45425  87.9639  57.8425 0024487  46.8142 304.2447 13.19841749  1748
ONEWEB-0080             
1 45426U 20020C   20364.58334491  .00036394  00000-0  10222+0 0  9998
2 45426  87.8852  57.8374 0001530  99.9087 279.8322 13.11436104  1723
ONEWEB-0090             
1 45427U 20020D   20364.58334491  .00037724  00000-0  10599+0 0  9994
2 45427  87.8857  57.8472 0001635  97.3322 230.5750 13.11405436  1710
ONEWEB-0061             
1 45428U 20020E   20364.58334491  .00038570  00000-0  96012-1 0  9991
2 45428  87.9211  57.8205 0029484  57.2981  17.3649 13.19496202  1715
ONEWEB-0081             
1 45429U 20020F   20364.58334491  .00037838  00000-0  93752-1 0  9996
2 45429  87.9204  57.7663 0030087  52.2921   7.2486 13.19809183  1707
ONEWEB-0069             
1 45430U 20020G   20364.58334491  .00038067  00000-0  10695+0 0  9996
2 45430  87.8886  57.8459 0001617  96.9018 223.5912 13.11404786  1739
ONEWEB-0031             
1 45431U 20020H   20364.58334491  .00036727  00000-0  10319+0 0  9991
2 45431  87.8874  57.8510 0001628  91.4577 317.2454 13.11411247  1762
ONEWEB-0027             
1 45432U 20020J   20364.58334491  .00047447  00000-0  48991-2 0  9993
2 45432  87.5648  49.6095 0026523   1.1931 200.2824 14.89684080  1775
ONEWEB-0064             
1 45433U 20020K   20364.58334491  .00036922  00000-0  10360+0 0  9996
2 45433  87.8894  57.8529 0026336  58.8212 357.1325 13.11382630  1709
ONEWEB-0018             
1 45434U 20020L   20364.58334491  .00038412  00000-0  10791+0 0  9991
2 45434  87.8849  57.8355 0001616  92.7659 220.5427 13.11407789  1713
ONEWEB-0083             
1 45435U 20020M   20364.58334491  .00036892  00000-0  10366+0 0  9990
2 45435  87.8841  57.8425 0001666  92.2495 257.7169 13.11404702  1731
ONEWEB-0095             
1 45436U 20020N   20364.58334491  .00036588  00000-0  10269+0 0  9995
2 45436  87.8876  57.8427 0021403  55.8700 345.8372 13.11406933  1729
ONEWEB-0092             
1 45437U 20020P   20364.58334491  .00039149  00000-0  97557-1 0  9999
2 45437  87.9192  57.7695 0023024  48.7288 260.0086 13.19479270  1756
ONEWEB-0085             
1 45438U 20020Q   20364.58334491  .00036453  00000-0  10244+0 0  9991
2 45438  87.8883  57.8545 0001624  95.3340 276.7272 13.11398412  1747
ONEWEB-0096             
1 45439U 20020R   20364.58334491  .00037082  00000-0  10405+0 0  9990
2 45439  87.8898  57.8431 0001723  80.1460 264.2896 13.11499060  1759
ONEWEB-0037             
1 45440U 20020S   20364.58334491  .00036468  00000-0  10245+0 0  9991
2 45440  87.8880  57.8600 0002158  77.0972 317.0453 13.11421003  1732
ONEWEB-0042             
1 45441U 20020T   20364.58334491  .00037694  00000-0  10577+0 0  9992
2 45441  87.8882  57.8485 0020692  52.7321  23.3868 13.11420389  1718
ONEWEB-0098             
1 45442U 20020U   20364.58334491  .00036449  00000-0  10227+0 0  9992
2 45442  87.8913  57.8503 0024444  52.4188 334.6036 13.11403254  1720
ONEWEB-0055             
1 45443U 20020V   20364.58334491  .00037748  00000-0  10587+0 0  9995
2 45443  87.8847  57.8048 0027135  57.3217  21.1474 13.11400313  1703
ONEWEB-0093             
1 45444U 20020W   20364.58334491  .00040399  00000-0  11334+0 0  9993
2 45444  87.8860  57.8483 0013038  57.5167 219.7324 13.11457438  1760
ONEWEB-0029             
1 45445U 20020X   20364.58334491 -.00054159  00000-0 -15198+0 0  9997
2 45445  87.8911  57.8270 0028732  54.1671  41.2094 13.12070183  1730
ONEWEB-0068             
1 45446U 20020Y   20364.58334491  .00039570  00000-0  11116+0 0  9992
2 45446  87.8905  57.8441 0001106 102.8387 188.3151 13.11402625  1753
ONEWEB-0046             
1 45447U 20020Z   20364.58334491  .00038808  00000-0  10905+0 0  9991
2 45447  87.8885  57.8485 0001584  89.2916 216.9485 13.11388982  1730
ONEWEB-0063             
1 45448U 20020AA  20364.58334491  .00039080  00000-0  10970+0 0  9997
2 45448  87.8910  57.8643 0030484  56.1219  47.6877 13.11298803  1710
ONEWEB-0019             
1 45449U 20020AB  20364.58334491  .00039928  00000-0  11212+0 0  9999
2 45449  87.8909  57.8133 0001841  92.4978 191.5258 13.11427522  1751
ONEWEB-0094             
1 45450U 20020AC  20364.58334491  .00039799  00000-0  40280-2 0  9997
2 45450  87.5772  49.8193 0026931   4.0671  24.8929 14.90517987  1803
ONEWEB-0087             
1 45451U 20020AD  20364.58334491  .00037695  00000-0  10827+0 0  9992
2 45451  87.8890  57.8418 0027128  65.0789  15.3519 13.09763773  1774
ONEWEB-0082             
1 45452U 20020AE  20364.58334491  .00037142  00000-0  10416+0 0  9994
2 45452  87.8938  57.8173 0029320  61.8875   1.4416 13.11389499  1732
ONEWEB-0050             
1 45453U 20020AF  20364.58334491  .00043363  00000-0  39394-2 0  9996
2 45453  87.5414  48.9157 0025897   0.7002 298.8512 14.94807751  1806
ONEWEB-0034             
1 45454U 20020AG  20364.58334491  .00036549  00000-0  10271+0 0  9995
2 45454  87.8881  57.8418 0001591  83.9716 280.6221 13.11399059  1707
ONEWEB-0060             
1 45455U 20020AH  20364.58334491  .00037397  00000-0  10506+0 0  9999
2 45455  87.8833  57.8362 0001553  92.7608 242.7412 13.11414599  1730
ONEWEB-0086             
1 45456U 20020AJ  20364.58334491  .00040893  00000-0  11474+0 0  9990
2 45456  87.8913  57.8266 0023316  61.4590 207.4828 13.11382124  1734
ONEWEB-0088             
1 45457U 20020AK  20364.58334491  .00036753  00000-0  10323+0 0  9993
2 45457  87.8879  57.8690 0008488  73.5968 283.4660 13.11419716  1728
ONEWEB-0102             
1 47258U 20100A   20364.58334491  .00020152  00000-0  49336-3 0  9999
2 47258  87.3999  35.7473 0005497 242.7853 282.8949 15.40634439  1763
ONEWEB-0109             
1 47259U 20100B   20364.58334491  .00022132  00000-0  59491-3 0  9993
2 47259  87.3966  35.7615 0005457 234.3083 179.0004 15.37769236  1808
ONEWEB-0110             
1 47260U 20100C   20364.58334491  .00020501  00000-0  50377-3 0  9997
2 47260  87.3969  35.7470 0005079 240.4771 280.9042 15.40524411  1817
ONEWEB-0111             
1 47261U 20100D   20364.58334491  .00022166  00000-0  59363-3 0  9991
2 47261  87.3975  35.7618 0005302 244.9553 172.8637 15.37884818  1797
ONEWEB-0114             
1 47262U 20100E   20364.58334491  .00022007  00000-0  59857-3 0  9994
2 47262  87.3977  35.7661 0006306 221.2835 177.5994 15.37399875  1796
ONEWEB-0117             
1 47263U 20100F   20364.58334491  .00022295  00000-0  58654-3 0  9998
2 47263  87.3967  35.7568 0007678 250.4934 188.1511 15.38417438  1801
ONEWEB-0118             
1 47264U 20100G   20364.58334491  .00017554  00000-0  41794-3 0  9998
2 47264  87.3972  35.7385 0008979 233.6266 324.1501 15.41450212  1791
ONEWEB-0119             
1 47265U 20100H   20364.58334491  .00022351  00000-0  57338-3 0  9991
2 47265  87.3950  35.7510 0008916 230.1003 238.4872 15.39180855  1765
ONEWEB-0120             
1 47266U 20100J   20364.58334491  .00019775  00000-0  48201-3 0  9997
2 47266  87.3980  35.7459 0006020 244.8413 285.9652 15.40764299  1813
ONEWEB-0121             
1 47267U 20100K   20364.58334491  .00022267  00000-0  57874-3 0  9994
2 47267  87.3983  35.7581 0008804 243.0330 209.8416 15.38781021  1760
ONEWEB-0122             
1 47268U 20100L   20364.58334491  .00022053  00000-0  59536-3 0  9995
2 47268  87.3991  35.7676 0005700 229.5512 178.5009 15.37634386  1803
ONEWEB-0123             
1 47269U 20100M   20364.58334491  .00020933  00000-0  51736-3 0  9995
2 47269  87.3989  35.7484 0004678 235.7451 280.0520 15.40349633  1799
ONEWEB-0124             
1 47270U 20100N   20364.58334491  .00021832  00000-0  54752-3 0  9997
2 47270  87.3983  35.7502 0006482 214.8370 281.7288 15.39893791  1762
ONEWEB-0125             
1 47271U 20100P   20364.58334491  .00022026  00000-0  59663-3 0  9990
2 47271  87.3952  35.7600 0005977 225.4593 178.4516 15.37528205  1838
ONEWEB-0126             
1 47272U 20100Q   20364.58334491  .00022023  00000-0  55446-3 0  9993
2 47272  87.3979  35.7534 0006982 216.4013 275.3421 15.39770896  1769
ONEWEB-0127             
1 47273U 20100R   20364.58334491  .00018009  00000-0  43088-3 0  9992
2 47273  87.3998  35.7469 0008524 236.2892 315.8786 15.41307238  1793
ONEWEB-0128             
1 47274U 20100S   20364.58334491  .00017512  00000-0  40438-3 0  9997
2 47274  87.3991  35.7381 0009869 206.8289  26.8767 15.42359086  1850
ONEWEB-0129             
1 47275U 20100T   20364.58334491  .00022207  00000-0  57940-3 0  9991
2 47275  87.3962  35.7532 0008422 245.0793 203.3107 15.38666522  1767
ONEWEB-0130             
1 47276U 20100U   20364.58334491  .00023500  00000-0  58654-3 0  9992
2 47276  87.3992  35.7518 0005482 215.9761 286.5967 15.40043392  1864
ONEWEB-0131             
1 47277U 20100V   20364.58334491  .00020779  00000-0  51261-3 0  9995
2 47277  87.3976  35.7467 0004763 231.2677 285.4614 15.40406284  1767
ONEWEB-0132             
1 47278U 20100W   20364.58334491  .00022184  00000-0  59178-3 0  9993
2 47278  87.3952  35.7597 0005744 247.3350 175.1115 15.38003492  1809
ONEWEB-0133             
1 47279U 20100X   20364.58334491  .00017229  00000-0  40863-3 0  9999
2 47279  87.3990  35.7430 0009370 231.8579 330.2960 15.41561676  1795
ONEWEB-0134             
1 47280U 20100Y   20364.58334491  .00018456  00000-0  44473-3 0  9995
2 47280  87.3981  35.7425 0008451 240.4142 306.0897 15.41092061  1799
ONEWEB-0135             
1 47281U 20100Z   20364.58334491  .00015592  00000-0  36127-3 0  9991
2 47281  87.3964  35.7354 0009863 209.4921  19.9702 15.42255070  1810
ONEWEB-0136             
1 47282U 20100AA  20364.58334491  .00021456  00000-0  53358-3 0  9993
2 47282  87.3964  35.7457 0005242 220.3512 286.6383 15.40159034  1763
ONEWEB-0137             
1 47283U 20100AB  20364.58334491  .00023028  00000-0  58424-3 0  9990
2 47283  87.3981  35.7536 0007987 218.7228 263.4436 15.39527094  1781
ONEWEB-0138             
1 47284U 20100AC  20364.58334491  .00023561  00000-0  60940-3 0  9999
2 47284  87.3957  35.7543 0009178 236.7169 222.0467 15.38924835  1789
ONEWEB-0139             
1 47285U 20100AD  20364.58334491  .00015831  00000-0  36843-3 0  9996
2 47285  87.4004  35.7411 0009883 212.7547  11.5180 15.42123027  1798
ONEWEB-0140             
1 47286U 20100AE  20364.58334491  .00022233  00000-0  58817-3 0  9996
2 47286  87.3963  35.7589 0006704 251.7197 180.5279 15.38254247  1780
ONEWEB-0141             
1 47287U 20100AF  20364.58334491  .00022500  00000-0  57501-3 0  9993
2 47287  87.3980  35.7541 0008805 226.9042 246.2859 15.39298552  1787
ONEWEB-0142             
1 47288U 20100AG  20364.58334491  .00021064  00000-0  52146-3 0  9998
2 47288  87.4004  35.7528 0004924 226.0527 286.4080 15.40298560  1769
ONEWEB-0143             
1 47289U 20100AH  20364.58334491  .00022335  00000-0  58541-3 0  9996
2 47289  87.3981  35.7609 0008027 248.0198 195.0454 15.38530191  1800
ONEWEB-0144             
1 47290U 20100AJ  20364.58334491  .00022248  00000-0  59085-3 0  9995
2 47290  87.3986  35.7610 0006238 249.9812 177.6817 15.38137413  1791
ONEWEB-0145             
1 47291U 20100AK  20364.58334491  .00016037  00000-0  37459-3 0  9996
2 47291  87.3976  35.7383 0009927 215.4177   4.5635 15.42014188  1792
ONEWEB-0146             
1 47292U 20100AL  20364.58334491  .00022294  00000-0  57444-3 0  9995
2 47292  87.3994  35.7575 0009012 233.8201 229.4400 15.39045807  1766
ONEWEB-0147             
1 47293U 20100AM  20364.58334491  .00021935  00000-0  55429-3 0  9998
2 47293  87.3985  35.7504 0007471 217.4986 269.6700 15.39655248  1769
